166
167
168
169
171
172
173
174
175
176
177
178
179
180
181
182
183
184
184
185
186
187
188
188
189
190
190
191
192
193
194
195
195
196
197
198
199
199
199
199
200
201
201
201
202
203
203
203
204
204
204
204
204
204
205
205
206
206
206
206
206
206
206
207
206
204
203
201
200
200
199
198
198
196
196
195
195
195
194
193
193
192
192
192
192
192
192
192
190
189
188
188
187
187
186
185
185
184
184
184
184
183
183
182
182
181
180
180
180
180
179
179
179
179
179
178
178
177
177
177
177
176
176
176
176
176
176
176
176
176
176
176
176
176
176
176
176
175
175
174
174
174
174
173
172
172
172
172
172
172
172
172
171
171
171
171
171
170
170
170
170
169
169
169
169
169
169
169
168
168
168
168
168
168
168
168
168
168
168
168
168
168
168
168
168
168
168
168
168
168
168
168
168
168
168
168
168
168
168
168
168
168
168
167
167
167
167
167
167
167
167
167
167
167
167
167
167
166
